{
  "experiments": {
    "Baseline": {
      "params": {
        "C": 1.0,
        "solver": "lbfgs",
        "max_iter": 1000,
        "random_state": 42
      },
      "created_at": "2025-10-08T14:35:08.812378"
    },
    "High_Reg": {
      "params": {
        "C": 0.1,
        "solver": "lbfgs",
        "max_iter": 1000,
        "random_state": 42
      },
      "created_at": "2025-10-08T14:35:09.004262"
    },
    "Low_Reg": {
      "params": {
        "C": 10.0,
        "solver": "lbfgs",
        "max_iter": 1000,
        "random_state": 42
      },
      "created_at": "2025-10-08T14:35:09.170462"
    },
    "Newton": {
      "params": {
        "C": 1.0,
        "solver": "newton-cg",
        "max_iter": 1000,
        "random_state": 42
      },
      "created_at": "2025-10-08T14:35:09.325568"
    },
    "More_Iter": {
      "params": {
        "C": 1.0,
        "solver": "lbfgs",
        "max_iter": 2000,
        "random_state": 42
      },
      "created_at": "2025-10-08T14:35:09.477878"
    }
  },
  "results": {
    "Baseline": {
      "predictions": [
        1,
        2,
        2,
        1,
        1,
        1,
        1,
        1,
        1,
        1,
        1,
        1,
        2,
        1,
        1,
        1,
        1,
        1,
        1,
        1,
        1,
        1,
        1,
        1,
        1,
        1,
        1,
        1,
        1,
        1,
        1,
        1,
        0,
        1,
        1,
        1,
        2,
        2,
        1,
        1,
        1,
        1,
        1,
        1,
        2,
        1,
        1,
        1,
        1,
        1,
        1,
        1,
        1,
        1,
        1,
        1,
        1,
        1,
        1,
        1,
        1,
        2,
        2,
        1,
        1,
        2,
        1,
        2,
        1,
        1,
        1,
        1,
        1,
        1,
        1,
        1,
        2,
        1,
        1,
        1,
        1,
        1,
        1,
        1,
        1,
        1,
        2,
        1,
        1,
        1,
        1,
        1,
        1,
        1,
        1,
        1,
        2,
        1,
        1,
        1,
        1,
        2,
        1,
        1,
        1,
        1,
        1,
        1,
        1,
        1,
        2,
        1,
        1,
        1,
        1,
        1,
        1,
        1,
        1,
        1,
        1,
        1,
        1,
        1,
        2,
        1,
        1,
        1,
        1,
        1,
        2,
        1,
        1,
        1,
        1,
        1,
        1,
        1,
        1,
        1,
        1,
        1,
        1,
        1,
        1,
        1,
        1,
        1,
        2,
        1,
        2,
        1,
        2,
        1,
        1,
        1,
        1,
        1,
        1,
        1,
        1,
        1,
        1,
        1,
        1,
        1,
        1,
        1,
        1,
        2,
        1,
        1,
        1,
        2,
        1,
        1,
        1,
        2,
        1,
        1,
        1,
        1,
        1,
        1,
        1,
        1,
        1,
        1,
        1,
        1,
        1,
        1,
        1,
        2,
        2,
        1,
        1,
        1,
        1,
        1,
        1,
        1,
        1,
        1,
        1,
        1,
        1,
        1,
        1,
        1,
        1,
        1,
        1,
        1,
        1,
        1,
        1,
        2,
        1,
        1,
        1,
        1,
        1,
        1,
        1,
        1,
        1,
        1,
        1,
        1,
        1,
        2,
        1,
        1,
        1,
        1,
        1,
        2,
        1,
        1,
        1,
        1,
        1,
        2,
        1,
        1,
        1,
        1,
        1,
        1,
        1,
        1,
        1,
        1,
        1,
        1,
        1,
        1,
        1,
        1,
        1,
        1,
        1,
        1,
        1,
        1,
        1,
        1,
        1,
        1,
        1,
        1,
        2,
        1,
        1,
        1,
        1,
        1,
        1,
        1,
        1,
        2,
        1,
        1,
        1,
        1,
        1,
        1,
        1,
        0,
        1,
        1,
        1,
        1,
        1,
        1,
        1,
        1,
        1,
        1,
        1,
        1,
        2,
        1,
        1,
        1,
        1,
        1,
        1,
        1,
        1,
        2,
        1,
        2,
        1,
        1,
        2,
        1,
        1,
        1,
        1,
        1,
        1,
        1,
        1,
        1,
        1,
        1,
        1,
        1,
        1,
        1,
        1,
        2,
        1,
        1,
        1,
        1,
        1,
        2,
        1,
        1,
        1,
        1,
        1,
        1,
        1,
        1,
        1,
        1,
        1,
        2,
        1,
        1,
        1,
        1,
        1,
        1,
        1,
        1,
        1,
        1,
        2,
        1,
        1,
        1,
        1,
        1,
        1,
        2,
        1,
        1,
        1,
        1,
        1,
        1,
        1,
        1,
        1,
        1,
        1,
        1,
        2,
        1,
        1,
        2,
        1,
        1,
        2,
        1,
        1,
        1,
        1,
        1,
        2,
        1,
        1,
        1,
        1,
        2,
        1,
        1,
        1,
        1,
        1,
        2,
        1,
        1,
        1,
        1,
        1,
        2,
        1,
        1,
        1,
        1,
        1,
        1,
        1,
        1,
        1,
        1,
        1,
        1,
        1,
        1,
        1,
        1,
        1,
        1,
        1,
        1,
        1,
        1,
        1,
        1,
        1,
        1,
        1,
        1,
        1,
        1,
        1,
        1,
        1,
        1,
        1,
        1,
        1,
        1,
        2,
        1,
        1,
        1,
        2,
        1,
        1,
        1,
        1,
        1,
        1,
        1,
        1,
        1,
        1,
        1,
        1,
        1,
        1,
        1,
        1,
        1,
        1,
        1,
        1,
        1,
        1,
        1,
        1,
        1,
        1,
        1,
        2,
        1,
        1,
        1,
        1,
        1,
        1,
        1,
        1,
        2,
        2,
        1,
        1,
        1,
        1,
        1,
        1,
        1,
        1,
        2,
        1,
        1,
        1,
        1,
        1,
        1,
        2,
        2,
        1,
        1,
        1,
        1,
        1,
        1,
        1,
        1,
        1,
        1,
        1,
        1,
        1,
        1,
        1,
        1,
        1,
        1,
        1,
        1,
        1,
        1,
        2,
        1,
        2,
        1,
        1,
        1,
        1,
        1,
        1,
        1,
        1,
        1,
        1,
        1,
        1,
        1,
        1,
        1,
        1,
        1,
        1,
        1,
        1,
        1,
        1,
        1,
        1,
        1,
        1,
        2,
        1,
        2,
        1,
        2,
        1,
        1,
        1,
        1,
        1,
        1,
        1,
        1,
        1,
        1,
        1,
        1,
        1,
        1,
        1,
        1,
        1,
        2,
        1,
        1,
        1,
        1,
        1,
        1,
        1,
        1,
        1,
        1,
        1,
        1,
        1,
        1,
        1,
        1,
        1,
        1,
        1,
        1,
        1,
        1,
        1,
        1,
        1,
        2,
        1,
        1,
        1,
        1,
        1,
        1,
        1,
        1,
        1,
        1,
        1,
        1,
        2,
        1,
        1,
        1,
        1,
        2,
        1,
        1,
        1,
        1,
        2,
        2,
        1,
        2,
        1,
        1,
        1,
        1,
        1,
        1,
        1,
        1,
        1,
        1,
        1,
        2,
        1,
        1,
        2,
        1,
        1,
        1,
        1,
        1,
        1,
        1,
        1,
        2,
        1,
        1,
        2,
        1,
        1,
        1,
        1,
        1,
        2,
        1,
        1,
        1,
        1,
        1,
        1,
        1,
        1,
        1,
        2,
        1,
        1,
        1,
        1,
        1,
        1,
        1,
        2,
        1,
        1,
        1,
        1,
        1,
        1,
        1,
        1,
        1,
        1,
        1,
        1,
        1,
        1,
        1,
        2,
        1,
        1,
        1,
        1,
        2,
        1,
        1,
        1,
        1,
        1,
        1,
        2,
        1,
        1,
        1,
        1,
        1,
        1,
        1,
        2,
        1,
        1,
        2,
        1,
        1,
        1,
        1,
        1,
        1,
        1,
        1,
        1,
        1,
        1,
        1,
        1,
        1,
        1,
        1,
        2,
        1,
        1,
        1,
        1,
        1,
        1,
        1,
        1,
        1,
        1,
        1,
        1,
        1,
        1,
        1,
        2,
        1,
        1,
        1,
        1,
        1,
        1,
        1,
        1,
        1,
        1,
        1,
        1,
        1,
        1,
        2,
        1,
        1,
        1,
        1,
        1,
        1,
        1,
        1,
        1,
        1,
        1,
        1,
        2,
        1,
        1,
        1,
        2,
        1,
        1,
        2,
        2,
        1,
        1,
        1,
        1,
        2,
        1,
        1,
        1,
        1,
        2,
        1,
        1,
        1,
        1,
        1,
        1,
        2,
        1,
        1,
        1,
        1,
        1,
        1,
        1,
        1,
        1,
        1,
        1,
        1,
        1,
        1,
        1,
        2,
        1,
        1,
        1,
        1,
        1,
        2,
        1,
        1,
        1,
        1,
        2,
        1,
        1,
        1,
        0,
        1,
        1,
        1,
        1,
        2,
        1,
        1,
        1,
        1,
        1,
        1,
        1,
        2,
        2,
        1,
        2,
        1,
        1,
        1,
        1,
        1,
        1,
        1,
        1,
        1,
        1,
        1,
        1,
        1,
        1,
        1,
        1,
        2,
        2,
        1,
        1,
        1,
        1,
        1,
        1,
        1,
        1,
        1,
        1,
        1,
        1,
        1,
        1,
        2,
        1,
        1,
        1,
        1,
        1,
        1,
        1,
        1,
        1,
        1,
        1,
        1,
        1,
        1,
        1,
        1,
        1,
        1,
        1,
        1,
        1,
        1,
        1,
        2,
        1,
        1,
        1,
        1,
        1,
        1,
        1,
        1,
        1,
        1,
        1,
        1,
        1,
        1,
        1,
        1,
        1,
        1,
        1,
        1,
        1,
        1,
        1,
        1,
        1,
        1,
        1,
        1,
        1,
        1,
        2,
        1,
        1,
        1,
        1,
        2,
        1,
        1,
        1,
        1,
        1,
        1,
        1,
        2,
        1,
        2,
        2,
        1,
        1,
        1,
        1,
        1,
        1,
        1,
        1,
        1,
        1,
        1,
        1,
        2,
        2,
        1,
        1,
        2
      ],
      "probabilities": [
        [
          0.029879910712620323,
          0.8250173037537317,
          0.14510278553364797
        ],
        [
          0.0027173522245008035,
          0.4705004706959566,
          0.5267821770795426
        ],
        [
          0.0024302499751852544,
          0.38312516185415896,
          0.6144445881706557
        ],
        [
          0.03971888529351502,
          0.6712133269237902,
          0.28906778778269476
        ],
        [
          0.311170650919167,
          0.6583109390066845,
          0.03051841007414862
        ],
        [
          0.006909753237587869,
          0.5696617612470055,
          0.4234284855154066
        ],
        [
          0.26845445649340927,
          0.7088615743269383,
          0.02268396917965247
        ],
        [
          0.007000731968727553,
          0.5339320942041783,
          0.4590671738270941
        ],
        [
          0.013449870251702477,
          0.7714490609592961,
          0.21510106878900156
        ],
        [
          0.02953512250019003,
          0.8903300679400179,
          0.08013480955979209
        ],
        [
          0.002888945999630316,
          0.9271833201147156,
          0.06992773388565421
        ],
        [
          0.006920622566301137,
          0.8371977787102955,
          0.15588159872340318
        ],
        [
          0.015143219563003898,
          0.4509922818185491,
          0.533864498618447
        ],
        [
          0.020324851917442648,
          0.7559516838042526,
          0.2237234642783048
        ],
        [
          0.015032498443832596,
          0.9285331069559813,
          0.05643439460018612
        ],
        [
          0.026837778528333883,
          0.7713264731381619,
          0.20183574833350415
        ],
        [
          0.017351342544299795,
          0.7359158099995581,
          0.24673284745614207
        ],
        [
          0.01165384118417647,
          0.5947541231411271,
          0.3935920356746965
        ],
        [
          0.015541079305695675,
          0.5761894479849433,
          0.40826947270936104
        ],
        [
          0.0020023382347410744,
          0.5190027666585247,
          0.47899489510673426
        ],
        [
          0.0983723736699449,
          0.8126112667868702,
          0.08901635954318476
        ],
        [
          0.008718209933416703,
          0.5194696094820418,
          0.47181218058454144
        ],
        [
          0.4287176169551272,
          0.5620954365534648,
          0.009186946491408061
        ],
        [
          0.016459683153222347,
          0.9337617579538584,
          0.049778558892919315
        ],
        [
          0.017702735813309424,
          0.8821924610853878,
          0.10010480310130286
        ],
        [
          0.01051991851823802,
          0.5200802228399997,
          0.46939985864176226
        ],
        [
          0.01032400061569581,
          0.8502342851986174,
          0.13944171418568657
        ],
        [
          0.004690456923017822,
          0.8756035053672948,
          0.11970603770968745
        ],
        [
          0.06981705813281326,
          0.8860993597992308,
          0.044083582067956
        ],
        [
          0.014187398274258472,
          0.8849821525565452,
          0.10083044916919633
        ],
        [
          0.055194211980707356,
          0.9052934724221148,
          0.03951231559717798
        ],
        [
          0.01124269821965154,
          0.8782692448953322,
          0.1104880568850162
        ],
        [
          0.6063099125993019,
          0.383944390301864,
          0.00974569709883417
        ],
        [
          0.06046035288767886,
          0.7574810507235865,
          0.18205859638873464
        ],
        [
          0.10596643859307053,
          0.8156845953384003,
          0.07834896606852913
        ],
        [
          0.054324929211389546,
          0.8378246052322725,
          0.10785046555633794
        ],
        [
          0.009054783691820532,
          0.47233821120697167,
          0.5186070051012078
        ],
        [
          0.0011504543726697705,
          0.3476964676053184,
          0.6511530780220118
        ],
        [
          0.009069347451786813,
          0.7771764382497814,
          0.21375421429843186
        ],
        [
          0.006782482831744854,
          0.9248318474327205,
          0.06838566973553464
        ],
        [
          0.04283440792195203,
          0.788483489511545,
          0.16868210256650307
        ],
        [
          0.11555954283710028,
          0.6328326671456174,
          0.2516077900172824
        ],
        [
          0.03323954578760538,
          0.8371240240822276,
          0.12963643013016699
        ],
        [
          0.012670479503436721,
          0.7825531902548152,
          0.20477633024174807
        ],
        [
          0.0062390527279586735,
          0.35521870690158,
          0.6385422403704615
        ],
        [
          0.0904721343120716,
          0.8897871279316398,
          0.019740737756288533
        ],
        [
          0.04960579874599497,
          0.9039886638151595,
          0.04640553743884559
        ],
        [
          0.008430263093126,
          0.8145260498418544,
          0.17704368706501966
        ],
        [
          0.013150915493298557,
          0.9153325539840818,
          0.07151653052261953
        ],
        [
          0.05108212893155442,
          0.7464324450696135,
          0.2024854259988321
        ],
        [
          0.018329310961481386,
          0.8976842943297448,
          0.08398639470877374
        ],
        [
          0.00421151460789686,
          0.9327845150300165,
          0.06300397036208669
        ],
        [
          0.013841629545611002,
          0.9300139295186054,
          0.0561444409357837
        ],
        [
          0.03218026559989019,
          0.8819187240102749,
          0.08590101038983478
        ],
        [
          0.011130369716765329,
          0.6563217452529456,
          0.3325478850302891
        ],
        [
          0.012625667631013787,
          0.9333553722429347,
          0.0540189601260515
        ],
        [
          0.010029420674378373,
          0.7435937322769507,
          0.24637684704867102
        ],
        [
          0.014367746691931652,
          0.9425931487089936,
          0.043039104599074694
        ],
        [
          0.011318041511783923,
          0.9261251425983321,
          0.0625568158898839
        ],
        [
          0.03335321336193458,
          0.8502475559854797,
          0.11639923065258569
        ],
        [
          0.0018018905983568003,
          0.8748336372908527,
          0.12336447211079052
        ],
        [
          0.002499667931638841,
          0.33122190865598133,
          0.6662784234123799
        ],
        [
          0.0059795616143594734,
          0.4329064702909242,
          0.5611139680947163
        ],
        [
          0.038329867531533585,
          0.6986054013163451,
          0.26306473115212126
        ],
        [
          0.014918302061048336,
          0.6280280109655392,
          0.3570536869734124
        ],
        [
          0.015608207423267188,
          0.4090137145743545,
          0.5753780780023783
        ],
        [
          0.006085565958848346,
          0.7928922341961883,
          0.20102219984496345
        ],
        [
          0.010815794982240225,
          0.4094380432244542,
          0.5797461617933055
        ],
        [
          0.007995897167043919,
          0.9046205751671529,
          0.08738352766580332
        ],
        [
          0.03007787567033542,
          0.6959501222353387,
          0.27397200209432593
        ],
        [
          0.010983610733687284,
          0.5788826506377639,
          0.41013373862854885
        ],
        [
          0.01929829314673788,
          0.660171358839393,
          0.3205303480138691
        ],
        [
          0.010997202493764222,
          0.9177211319250362,
          0.07128166558119955
        ],
        [
          0.008353755716772975,
          0.7317675866625114,
          0.2598786576207156
        ],
        [
          0.04812299893036868,
          0.7450501222909041,
          0.20682687877872724
        ],
        [
          0.04339108325047815,
          0.6817366231929856,
          0.2748722935565362
        ],
        [
          0.009200586952664134,
          0.48613640657913865,
          0.5046630064681973
        ],
        [
          0.026587097508861693,
          0.8773190153143192,
          0.09609388717681924
        ],
        [
          0.04294288813895408,
          0.863660590827175,
          0.0933965210338709
        ],
        [
          0.11039828102830235,
          0.7890118350604122,
          0.10058988391128547
        ],
        [
          0.06337636334488181,
          0.9108902423656612,
          0.025733394289456944
        ],
        [
          0.04483284047260213,
          0.833480308981298,
          0.1216868505460999
        ],
        [
          0.011304671921454198,
          0.9224850961387947,
          0.06621023193975087
        ],
        [
          0.002883515533148616,
          0.7964838605469385,
          0.20063262391991274
        ],
        [
          0.013258061575379457,
          0.5609698155706411,
          0.4257721228539794
        ],
        [
          0.0019230298877286475,
          0.614658405603985,
          0.38341856450828626
        ],
        [
          0.004358813000725395,
          0.377709192818244,
          0.6179319941810305
        ],
        [
          0.13677132745850643,
          0.8253161916120023,
          0.03791248092949118
        ],
        [
          0.040041214369058505,
          0.6622119059481855,
          0.2977468796827561
        ],
        [
          0.06712410510555382,
          0.9001868247502642,
          0.032689070144181875
        ],
        [
          0.015327940052495576,
          0.5255409518397225,
          0.4591311081077818
        ],
        [
          0.06884116711666077,
          0.8165015550448871,
          0.1146572778384522
        ],
        [
          0.11931229097456604,
          0.774669806068685,
          0.10601790295674908
        ],
        [
          0.013236231849420497,
          0.9373437534207307,
          0.04942001472984865
        ],
        [
          0.06270479141324836,
          0.8375852531772641,
          0.09970995540948774
        ],
        [
          0.07170934232979245,
          0.70442479152796,
          0.2238658661422475
        ],
        [
          0.001842876748378129,
          0.44354261765547237,
          0.5546145055961496
        ],
        [
          0.3667741916498868,
          0.6033029027818599,
          0.029922905568253357
        ],
        [
          0.14476299843961943,
          0.8528109505228532,
          0.0024260510375273894
        ],
        [
          0.0077632504810922496,
          0.856351499118161,
          0.13588525040074678
        ],
        [
          0.013068735617076848,
          0.6527518600034067,
          0.3341794043795164
        ],
        [
          0.001248196125718919,
          0.26813721728990136,
          0.7306145865843796
        ],
        [
          0.017621935375575958,
          0.932123547293487,
          0.05025451733093702
        ],
        [
          0.01742340104688384,
          0.7249747187092419,
          0.25760188024387426
        ],
        [
          0.00600179764865277,
          0.6243223015641445,
          0.36967590078720264
        ],
        [
          0.006687304130230992,
          0.5447207832178663,
          0.4485919126519027
        ],
        [
          0.06779029274168195,
          0.892306571940013,
          0.03990313531830503
        ],
        [
          0.060393687727284935,
          0.7447118050212695,
          0.19489450725144547
        ],
        [
          0.01242831970925838,
          0.7490410203867383,
          0.23853065990400343
        ],
        [
          0.006511587622032553,
          0.659729092932848,
          0.3337593194451195
        ],
        [
          0.004950033055885769,
          0.4527362019814937,
          0.5423137649626204
        ],
        [
          0.015691939451027436,
          0.8698320606278865,
          0.114475999921086
        ],
        [
          0.027379376084409303,
          0.8199204594761742,
          0.1527001644394165
        ],
        [
          0.015518436063905726,
          0.9289701992359011,
          0.05551136470019329
        ],
        [
          0.023478308677912507,
          0.8083655783425163,
          0.1681561129795712
        ],
        [
          0.02532340670931521,
          0.8806482462229263,
          0.09402834706775849
        ],
        [
          0.0156632981124645,
          0.8791957712946371,
          0.10514093059289832
        ],
        [
          0.04717919104676897,
          0.8968891234084899,
          0.05593168554474118
        ],
        [
          0.10604681328736608,
          0.855488530367328,
          0.038464656345306054
        ],
        [
          0.03529645137798132,
          0.8105085535274725,
          0.15419499509454634
        ],
        [
          0.01678454589592123,
          0.7782086270450691,
          0.2050068270590096
        ],
        [
          0.00520286053110611,
          0.879961640845552,
          0.11483549862334193
        ],
        [
          0.046663836037173015,
          0.9023065979711546,
          0.05102956599167243
        ],
        [
          0.0671776547909094,
          0.9035652537606714,
          0.029257091448419058
        ],
        [
          0.018647470098542514,
          0.3586578442453653,
          0.6226946856560923
        ],
        [
          0.013624063763555714,
          0.9410672664721963,
          0.04530866976424807
        ],
        [
          0.39964744249775375,
          0.5881612761291634,
          0.012191281373082924
        ],
        [
          0.24769621641118522,
          0.7279094189425215,
          0.02439436464629342
        ],
        [
          0.02035093146513651,
          0.939778376104295,
          0.039870692430568414
        ],
        [
          0.025468576271139243,
          0.6469527859671506,
          0.3275786377617102
        ],
        [
          0.006226251608938934,
          0.35514844015383584,
          0.6386253082372252
        ],
        [
          0.01916522148340214,
          0.9210725619776062,
          0.0597622165389918
        ],
        [
          0.015206800878171256,
          0.877381882019488,
          0.10741131710234077
        ],
        [
          0.01976904078749647,
          0.6847457822352038,
          0.2954851769772999
        ],
        [
          0.035273892727359944,
          0.8789855560842529,
          0.08574055118838718
        ],
        [
          0.008702007838355267,
          0.8261332343935336,
          0.16516475776811115
        ],
        [
          0.057042356612819235,
          0.7998485524159339,
          0.14310909097124677
        ],
        [
          0.028410542497919963,
          0.816205390186078,
          0.15538406731600193
        ],
        [
          0.011264327560584441,
          0.9585152308793167,
          0.030220441560098864
        ],
        [
          0.019448337715723674,
          0.8229234758138736,
          0.15762818647040266
        ],
        [
          0.012182982016634217,
          0.9098606770261255,
          0.07795634095724037
        ],
        [
          0.007406872085682219,
          0.9436614942266037,
          0.04893163368771411
        ],
        [
          0.003782349017843354,
          0.6306952004261609,
          0.3655224505559958
        ],
        [
          0.011038664701128778,
          0.9011496128028562,
          0.08781172249601499
        ],
        [
          0.013740861241153764,
          0.5600193109692819,
          0.42623982778956426
        ],
        [
          0.01960508571874763,
          0.8828808707273954,
          0.09751404355385695
        ],
        [
          0.009708823556487507,
          0.8867762797571224,
          0.10351489668639018
        ],
        [
          0.004989265844070749,
          0.7478298703893251,
          0.24718086376660406
        ],
        [
          0.009451343488476104,
          0.4368725745610257,
          0.5536760819504982
        ],
        [
          0.0236361600212166,
          0.5931812014669826,
          0.3831826385118008
        ],
        [
          0.003278022466776662,
          0.49304303534577193,
          0.5036789421874515
        ],
        [
          0.03034345729754032,
          0.7451222187220803,
          0.22453432398037948
        ],
        [
          0.010300797463239099,
          0.41546963550369226,
          0.5742295670330686
        ],
        [
          0.024120949632371512,
          0.9064746147497713,
          0.06940443561785722
        ],
        [
          0.02667098623089045,
          0.8482233172039475,
          0.12510569656516213
        ],
        [
          0.006584470617392817,
          0.8453045718104141,
          0.14811095757219322
        ],
        [
          0.017072158944365912,
          0.6030849108851921,
          0.3798429301704421
        ],
        [
          0.022162824646208258,
          0.9221113767507234,
          0.055725798603068415
        ],
        [
          0.01757523195312005,
          0.8720285392735495,
          0.11039622877333037
        ],
        [
          0.2382339131418206,
          0.717839196427552,
          0.04392689043062743
        ],
        [
          0.0186162357402036,
          0.7647625202785652,
          0.21662124398123128
        ],
        [
          0.013511499168047485,
          0.8712780313205696,
          0.11521046951138297
        ],
        [
          0.01591270090273753,
          0.9502551281673459,
          0.03383217092991655
        ],
        [
          0.021119326012131075,
          0.8279047693158059,
          0.1509759046720631
        ],
        [
          0.005650757703183586,
          0.8066241135478273,
          0.18772512874898908
        ],
        [
          0.009803684699390261,
          0.938740893782305,
          0.05145542151830472
        ],
        [
          0.10404762213298335,
          0.860136224169369,
          0.035816153697647714
        ],
        [
          0.03470534804790757,
          0.9234343457794209,
          0.04186030617267164
        ],
        [
          0.034104427764633086,
          0.9097687860561057,
          0.05612678617926128
        ],
        [
          0.002758795488931279,
          0.3123696416704334,
          0.6848715628406352
        ],
        [
          0.29072211910318063,
          0.7034585911201807,
          0.00581928977663864
        ],
        [
          0.35130508043694325,
          0.6293204238746168,
          0.019374495688439818
        ],
        [
          0.02052863431891096,
          0.9269242502681422,
          0.05254711541294701
        ],
        [
          0.01852069794698351,
          0.4736364188391385,
          0.5078428832138779
        ],
        [
          0.01081000185245497,
          0.9509762263793029,
          0.03821377176824209
        ],
        [
          0.01180921925870707,
          0.9166258336149311,
          0.07156494712636184
        ],
        [
          0.033863693469900494,
          0.9240882777273822,
          0.042048028802717255
        ],
        [
          0.0029664278179550013,
          0.33036187527592736,
          0.6666716969061177
        ],
        [
          0.0033106108636907702,
          0.8929756723860467,
          0.10371371675026238
        ],
        [
          0.057319570648966,
          0.6107465084229093,
          0.3319339209281247
        ],
        [
          0.015481396971653736,
          0.9226418204602537,
          0.06187678256809256
        ],
        [
          0.02178363703846388,
          0.6752843339381305,
          0.3029320290234056
        ],
        [
          0.015541079305695675,
          0.5761894479849433,
          0.40826947270936104
        ],
        [
          0.006048004317771101,
          0.7281592916723497,
          0.26579270400987903
        ],
        [
          0.07620385929807125,
          0.8560186949078321,
          0.0677774457940968
        ],
        [
          0.021306706090985478,
          0.8477189086625332,
          0.1309743852464814
        ],
        [
          0.005231789644388006,
          0.8347919141401378,
          0.15997629621547438
        ],
        [
          0.05313148837428096,
          0.8097310330554349,
          0.13713747857028416
        ],
        [
          0.026656795805676967,
          0.7397487520314233,
          0.23359445216289962
        ],
        [
          0.011750964595677815,
          0.926970299331735,
          0.06127873607258709
        ],
        [
          0.040669059994869604,
          0.7222696174769019,
          0.23706132252822848
        ],
        [
          0.017551602531241776,
          0.9330757372386829,
          0.04937266023007545
        ],
        [
          0.03125084456928452,
          0.7329259588765445,
          0.23582319655417094
        ],
        [
          0.004323998426675553,
          0.42996303811129993,
          0.5657129634620246
        ],
        [
          0.003368308979700033,
          0.3441663085282734,
          0.6524653824920266
        ],
        [
          0.007439924284417385,
          0.6928519476592091,
          0.2997081280563735
        ],
        [
          0.010585719338172947,
          0.863978783544682,
          0.12543549711714502
        ],
        [
          0.05649298422506196,
          0.8366276185444786,
          0.10687939723045936
        ],
        [
          0.010578246841919254,
          0.6237629151936664,
          0.36565883796441423
        ],
        [
          0.01642685574650205,
          0.8839933111714734,
          0.09957983308202467
        ],
        [
          0.015375753132310387,
          0.6125999123999639,
          0.3720243344677257
        ],
        [
          0.008514627553525625,
          0.6081601517904177,
          0.3833252206560566
        ],
        [
          0.10005035244950297,
          0.8910063276203015,
          0.00894331993019563
        ],
        [
          0.021357269283860225,
          0.5745200418220271,
          0.4041226888941127
        ],
        [
          0.011262412056549067,
          0.5743737904914512,
          0.41436379745199975
        ],
        [
          0.028832649770959718,
          0.7841982623040271,
          0.18696908792501318
        ],
        [
          0.012023295346599924,
          0.9214749092879249,
          0.0665017953654753
        ],
        [
          0.018816788634653372,
          0.8275347503441695,
          0.15364846102117716
        ],
        [
          0.03285051539880647,
          0.9348386517594824,
          0.03231083284171117
        ],
        [
          0.04034510417938266,
          0.7588193637991366,
          0.20083553202148086
        ],
        [
          0.01445391348945021,
          0.5828812264670726,
          0.4026648600434771
        ],
        [
          0.008041718085671725,
          0.5819072916624424,
          0.41005099025188585
        ],
        [
          0.03927245444998638,
          0.702311289386422,
          0.25841625616359154
        ],
        [
          0.003649634636136837,
          0.8088926000759433,
          0.18745776528791988
        ],
        [
          0.01668933014105581,
          0.5348076727716642,
          0.44850299708728003
        ],
        [
          0.02101864154695036,
          0.8947280147546285,
          0.08425334369842108
        ],
        [
          0.19098236196168808,
          0.7910345134576706,
          0.017983124580641288
        ],
        [
          0.0031491834957265287,
          0.33559847504949775,
          0.6612523414547758
        ],
        [
          0.0624430318906911,
          0.7293355271899198,
          0.20822144091938907
        ],
        [
          0.08128554005569082,
          0.7109354110619803,
          0.20777904888232884
        ],
        [
          0.009963046447755055,
          0.7203043958708836,
          0.2697325576813614
        ],
        [
          0.019611402253968003,
          0.614209679995906,
          0.366178917750126
        ],
        [
          0.01258839183575285,
          0.5543296654426421,
          0.43308194272160505
        ],
        [
          0.13703767453946622,
          0.7788406865024994,
          0.08412163895803446
        ],
        [
          0.2764058459006795,
          0.718531572720183,
          0.0050625813791374845
        ],
        [
          0.010029420674378373,
          0.7435937322769507,
          0.24637684704867102
        ],
        [
          0.01663187689848256,
          0.858536533565879,
          0.12483158953563847
        ],
        [
          0.026144818933353412,
          0.9375913017005828,
          0.03626387936606368
        ],
        [
          0.021202973417718506,
          0.9150673607407057,
          0.06372966584157588
        ],
        [
          0.06517821503345694,
          0.8665773398877684,
          0.06824444507877465
        ],
        [
          0.005730883856808498,
          0.8611820702648981,
          0.13308704587829337
        ],
        [
          0.006006797489402947,
          0.3602151712518252,
          0.6337780312587719
        ],
        [
          0.023135035564275895,
          0.8300417594984877,
          0.1468232049372366
        ],
        [
          0.022863098342902604,
          0.8690953152799399,
          0.10804158637715756
        ],
        [
          0.08760815303120718,
          0.8217894533879667,
          0.09060239358082613
        ],
        [
          0.011038664701128778,
          0.9011496128028562,
          0.08781172249601499
        ],
        [
          0.008235500905342212,
          0.5977475936293555,
          0.3940169054653024
        ],
        [
          0.005120637400544981,
          0.4688200783015356,
          0.5260592842979194
        ],
        [
          0.012819777487362046,
          0.902493111298221,
          0.08468711121441681
        ],
        [
          0.054853170655049216,
          0.922596777206007,
          0.022550052138943857
        ],
        [
          0.015392798725094619,
          0.8922088543148664,
          0.09239834696003896
        ],
        [
          0.028716670015401156,
          0.9232186213876171,
          0.04806470859698167
        ],
        [
          0.017275601680451953,
          0.8444535919923589,
          0.1382708063271891
        ],
        [
          0.01013677339450937,
          0.48639266365623907,
          0.5034705629492515
        ],
        [
          0.07143400760826756,
          0.8926253776537775,
          0.03594061473795488
        ],
        [
          0.011851831239283904,
          0.8389032433968728,
          0.14924492536384326
        ],
        [
          0.0327972171872991,
          0.928515636718898,
          0.03868714609380277
        ],
        [
          0.019646835336093457,
          0.8159232810755228,
          0.16442988358838373
        ],
        [
          0.023708438599667928,
          0.7605234062237611,
          0.2157681551765711
        ],
        [
          0.0039265887410624735,
          0.802798659713436,
          0.19327475154550142
        ],
        [
          0.04690620633592053,
